060310
095570
006840
054620
265520
211270
027410
282330
138930
001460
001465
013720
001040
079160
035760
00104K
000120
011150
011155
001045
097950
097955
051500
058820
023460
056730
056000
065770
083660
000590
012030
367340
367360
016610
005830
000990
000995
139130
001530
000210
001880
000215
375500
37550K
068790
004840
241520
155660
069730
017940
245620
037370
278990
079190
365550
050120
383220
007700
130500
114090
900290
078930
083450
006360
001250
007070
078935
045890
297890
078150
012630
039570
089470
294870
195940
011200
036640
082740
335870
351340
351320
373200
003560
095340
099520
175330
950170
234080
067290
001060
001067
001065
096760
035900
024840
105560
024120
002380
021320
344820
036670
009070
009440
112190
119650
044180
092220
151860
016380
016385
046440
035600
001390
226360
111870
033180
060720
001940
122450
052900
058400
114450
025000
092230
000040
044450
030200
033780
030210
058850
058860
060370
093050
003550
034220
051900
051905
003555
032640
011070
066570
066575
037560
051910
051915
079550
006260
010120
000680
229640
108320
001120
108670
108675
383800
38380K
023150
035420
160550
053290
181710
104200
060250
005940
005945
338100
034310
030190
008260
004250
004255
010060
078590
178920
024940
005490
218410
327260
091340
010950
010955
019550
950110
034120
101060
046140
036120
099220
036540
255220
040610
049470
184230
005090
016250
001380
004060
001770
002360
009160
123700
025530
034730
337450
340350
011790
018670
001740
001745
006120
006125
210980
068400
036490
302440
326030
361610
03473K
096770
096775
001510
001515
285130
28513K
017670
000660
048550
063440
950180
064960
100840
003570
036530
005610
011810
077970
071970
002820
289080
084870
002710
089230
161570
192410
032540
048770
246690
317240
002900
038340
073570
024070
057030
037270
040300
051390
052220
079940
078890
000500
036620
000860
217730
114190
035250
094480
011420
063080
039240
053950
223310
002100
009450
267290
012320
011040
000050
214390
012610
009140
024910
013580
012200
012205
002140
198440
049720
010130
002240
014570
348150
098460
035290
038530
900280
215000
121440
183410
076340
009290
014200
017040
017900
037710
026910
090150
355150
331520
030610
339770
053270
007690
005320
001140
066620
043650
006050
060480
078130
307750
002720
243870
204020
083420
186230
014530
900070
204620
019660
014280
014285
053260
008870
001570
002990
002995
011780
011785
214330
001210
073240
036190
049080
035460
092440
000270
024110
013700
308100
004540
004545
187790
286750
151910
121600
247660
039860
091970
244880
288490
051490
190510
242040
089600
293580
257990
138610
130580
036800
267320
001260
008350
008355
004270
003920
003925
025860
111710
091590
168330
094860
253590
212560
095660
042420
950220
311390
085910
092730
290660
306620
153460
007390
086220
033640
330860
005720
005725
002350
002355
089140
065170
003580
137940
348210
041140
217270
225570
251270
317860
104620
090350
090355
000320
000325
194700
285490
229500
278650
006280
144510
031390
142280
234690
005250
005257
065560
004370
072710
054050
069140
040160
126870
060260
012340
214870
270870
144960
085670
119860
064260
093640
340360
039560
058730
023590
032190
323350
068240
145210
086080
271850
343090
019680
019685
006370
008060
00806K
353200
35320K
000490
178600
020400
008830
048470
008110
004780
005750
017650
006570
007720
317850
290670
078140
001680
001685
084690
084695
036480
128820
117580
025440
027830
104040
016710
332290
336570
369370
020180
003540
003547
003545
045390
009190
108380
006580
014160
047040
009320
042660
003090
069620
007680
000430
048910
005710
006340
006345
003220
024890
290380
002880
290120
000300
120240
003310
114920
078600
012800
015230
096350
140520
131220
010170
060900
054670
001070
023910
006650
001440
084010
001790
001795
001130
003490
003495
005880
003830
016090
069460
021040
021045
067080
298540
192080
299170
012510
302920
213420
317330
077360
004830
004835
090410
024900
263600
194480
348840
263800
199150
206560
261200
145720
227420
067990
002150
006620
100130
005160
075970
001230
086450
023450
004140
099410
007590
005960
005965
026960
002210
102260
033500
025950
000640
170900
088130
028100
282690
041930
001520
001527
001529
084670
082640
060380
001525
079960
008970
228340
092780
088910
094170
049770
013120
018500
006040
030720
014820
014825
163560
109860
032960
004890
002690
023790
005290
025900
000020
000150
000157
241560
000155
042670
034020
336260
33626K
33626L
016740
073190
176750
030350
203650
223250
060570
192650
217620
187870
066670
024090
003160
092200
110990
263690
214680
263720
109740
033430
131030
196490
066900
127120
092070
134580
039840
013570
210540
104460
079810
227100
113810
043360
197140
106520
068930
033130
105740
263020
290550
007340
187220
026890
163430
131180
315640
317120
042510
232680
300120
171120
069540
285770
347700
214260
115390
200350
171010
084650
217500
092590
141080
060300
038390
294140
228670
228850
281740
277810
179720
215100
090360
238500
108490
900260
067730
071280
032350
330590
000400
023530
004000
286940
280360
004990
00499K
005300
005305
011170
002270
071840
038060
162120
253610
085370
08537M
060240
058470
039980
019570
016100
012700
302550
029480
277070
042500
219420
027740
195500
222810
305090
098120
147760
038290
204320
001080
220630
267980
005990
127160
093520
141070
377030
088980
094800
100590
067280
072870
215200
133750
235980
200580
041920
233250
014100
236340
054180
086900
078160
065650
138040
008560
000060
021880
140410
241770
090370
059210
058110
096640
017180
257370
009900
267060
012690
005360
080420
080160
204210
100030
087260
101330
012860
348030
250060
033200
009680
118990
006920
009580
001810
009200
322970
033920
008420
279600
095500
025560
218150
007120
353490
328380
357250
100790
085620
006800
00680K
006805
208890
049950
213090
207760
225850
002840
268280
107590
134380
003650
059090
214610
201490
950190
214180
155900
206640
018700
035620
064520
053030
301300
064550
314930
208710
142760
086820
038460
281310
266470
086040
199290
032980
222160
043150
323990
003610
267790
001340
046310
035150
066410
002410
206400
019010
177350
299910
096300
007210
225530
250000
002760
003850
006910
000890
226340
206950
003000
001270
001275
026940
014470
015350
011390
005030
008470
338220
100120
337930
064480
288330
251630
018290
044480
033560
191600
126340
121800
148140
082800
318410
002070
100220
200780
141000
090460
083650
215050
086670
335890
138580
082920
054220
042370
030790
032850
148780
238200
093190
065450
210120
005180
072950
266170
143240
003960
008040
007160
014710
006090
100090
122350
014970
018310
053700
009620
023600
001470
006400
006405
006660
380320
028260
02826K
207940
032830
291230
377630
018260
028050
009150
009155
005930
005935
001360
010140
010145
016360
068290
029780
000810
000815
006110
009300
145990
145995
003230
225190
002170
272550
000070
000075
002810
361670
054540
065570
005680
003720
023000
004380
002450
032280
002290
004440
000520
009770
037460
032750
054090
005500
000250
004690
024950
038500
017480
010960
046390
004450
009470
011230
001820
000390
027580
038540
307870
329560
101000
001290
041650
091580
263810
089980
042940
042600
075180
252990
263540
007540
248170
294630
038070
006730
079650
100660
007860
200880
019770
017390
043710
092190
046890
004410
004415
063170
027040
018680
021050
093920
189860
178320
122690
140070
011370
065710
008490
035890
357550
003100
123420
007610
067370
171090
136490
086710
014620
037350
014910
014915
003080
004980
004985
011300
081580
045300
015750
000180
080470
043260
148150
002420
053060
017510
004360
004365
004490
011560
001430
306200
003030
019440
058650
013000
100700
234100
024830
091090
021820
067830
033530
258830
036630
039310
075580
067770
053450
234340
027970
252500
347000
308170
012600
331920
049180
299660
268600
108860
208370
258250
068270
068760
091990
290690
053110
950200
032680
032685
258790
066910
043100
336370
33637K
33637L
154040
248070
035610
357780
036830
304100
004430
086980
050960
017550
084180
253840
185190
058530
236200
317770
094840
192440
099440
053210
033790
131100
159910
158310
115570
258540
253450
204630
013810
039670
049830
020710
033170
260870
048870
025320
134790
269620
131090
232830
139050
016590
290520
029530
004970
001000
025870
215600
065350
011930
005390
004170
035510
034300
031430
031440
006880
002800
323280
344050
005800
001720
001725
009270
009275
017000
002700
012790
138070
226330
019170
019175
002870
293940
333050
366330
055550
056700
187270
004080
243840
222800
036710
160980
356890
217330
102280
003410
010280
003620
004770
217320
208640
222420
037760
136510
099320
015540
049960
050890
066790
222080
004920
236030
103660
352480
245450
264660
352700
297090
112610
286000
115530
225330
115480
189330
096530
900120
101240
060590
260930
013990
123860
025980
008700
050320
058220
125210
002790
00279K
002795
090430
090435
357580
052710
074430
092040
083930
149950
036010
002030
183190
002310
050860
012170
246720
067390
127710
267850
020560
154030
227610
143160
054800
332370
122900
339950
099190
289010
214430
040910
068940
052860
010780
069920
038880
307180
101390
078860
114810
031310
185490
059100
149010
262840
175250
052460
119830
052770
124500
084850
223220
027360
032080
013310
059120
158430
149300
067160
001540
053800
251280
065660
297570
001780
260660
131370
140670
096610
061040
148250
347860
196170
123750
085810
117670
291650
293780
267810
018250
161000
196300
310200
179530
900100
205500
052790
290740
238090
092600
129890
174900
255440
030960
102120
238120
224810
019990
011090
270660
038680
137310
217480
121890
097780
042110
298060
065420
270210
103230
260970
101490
095910
275630
031330
060540
158300
056190
080000
086460
005850
214310
246250
041510
299670
007820
109610
012750
306040
080440
217910
224020
096630
069510
041910
234300
039440
098660
052020
237690
050760
288620
317830
058610
043340
023960
298690
187660
054630
200710
096690
140910
078520
298380
203400
195990
003800
322190
088800
241840
138360
039230
312610
015260
234070
072990
044990
176440
028300
067630
047920
043220
239610
353070
353060
044780
357230
071670
045660
224110
230980
021080
089530
200470
207490
262260
109960
007460
003060
244920
089970
230240
064510
230360
038870
128540
086520
247540
383310
038110
073540
064850
064090
036810
173940
083500
054940
950130
205100
070300
092870
317870
067570
236810
140610
333620
101400
036570
217820
138250
031860
238170
224760
310840
359090
365590
380440
265740
354200
093510
208860
183490
085310
182400
009810
069410
227950
198080
048830
096870
276240
900140
376190
061970
138690
290650
066970
156100
311060
073110
083310
037950
170920
058630
058970
019590
169330
097520
179290
225860
009780
123040
323230
032790
033160
347890
033310
259630
065150
115960
090740
060850
014440
007530
143540
111770
009970
003520
000670
036560
006740
012280
265560
012160
036000
250930
053280
015360
122640
900300
045060
080520
007310
039830
322310
046120
014940
002630
065500
271560
001800
010470
352910
053980
052420
241790
329020
039200
226400
031510
048260
138080
080580
067170
173130
049480
309930
244460
226950
057540
082210
109080
153710
321820
122990
232140
065530
067900
155650
251370
066430
193250
273060
019210
122870
011690
332570
079000
070960
316140
033660
032820
041190
115440
118000
046970
082850
215360
072470
073560
153490
037400
010050
101170
006980
066590
017370
103840
046940
215380
065680
105840
018620
010400
049800
016880
095720
005820
307280
053080
032940
240810
074600
104830
014190
131390
030530
012620
216280
376980
122830
008370
008290
101160
095270
010600
065950
076080
196700
069080
053580
071460
044340
330350
348350
112040
101730
065370
140660
038620
299900
036090
136540
320000
097800
192390
313760
008600
900340
033270
014830
036200
018000
000910
047400
203450
011330
077500
011320
086390
241690
142210
121060
048430
206650
089850
084440
032620
264450
078070
002920
024800
000700
054930
069330
049520
313750
336060
367460
367480
003470
003475
056090
263770
337840
072130
000220
000225
000227
340930
023410
056080
321260
331380
373340
084370
001200
178780
221800
179900
263050
000100
000105
003460
003465
191410
008730
072770
008250
039020
025820
060230
067920
044960
303530
302430
279060
214320
073490
086250
215790
344860
246960
088390
272290
053350
258610
336040
041520
264850
054210
164060
065440
088260
139480
115610
349720
323210
078020
131400
208850
351330
080010
379390
086890
007660
005950
015020
047560
900110
270020
067010
093230
341310
052190
101360
102710
066980
074610
063760
087730
123570
083470
095190
091120
232530
102460
039030
294090
088290
084680
181340
353810
350520
334890
099750
035810
160600
092130
096040
134060
001840
000760
024810
014990
041830
352940
101140
216400
079950
277410
060150
033230
006490
037330
023800
034590
211050
083640
216050
049070
119610
017250
129260
240340
035080
051370
064290
189300
150840
048530
023810
175140
115310
039290
071200
016670
101930
249420
000230
013360
003120
333430
068330
003200
007110
058450
007570
007575
008500
019540
081000
020760
020150
103590
094820
015860
226320
950140
049550
254120
221610
219550
043910
234920
289220
317400
033240
174880
049630
000950
110020
208140
022220
040420
045510
217190
095700
072520
122310
361390
066830
187420
225220
123330
159580
147830
033100
079370
054950
090470
287410
137950
033320
348950
204270
194370
026040
126880
322510
033050
094970
058420
025620
036420
089790
030000
052670
271980
001560
199820
023440
038010
002620
276730
080220
006220
089590
216080
229000
082270
064800
041590
044060
004910
004700
001550
000480
120030
034940
067000
018470
002600
185750
063160
001630
033340
036930
044380
239340
051980
072020
000440
078650
228760
314130
013890
043610
263860
303030
036180
208350
114570
299480
051160
053050
119850
270520
065060
204840
013870
071320
135160
111820
010580
035000
115450
219750
088790
018120
109820
086060
036890
363250
003780
007370
010640
100250
051630
272450
011000
250030
002780
002787
002785
233990
085660
009310
094850
004650
311690
278280
000650
140290
096240
066360
033250
047820
052300
094360
016920
284620
035720
293490
323410
042000
006380
317530
071850
180400
050110
109070
900310
078340
307930
263700
327970
214370
221980
317030
001620
323940
330990
342550
192250
029460
115500
281820
089150
025880
093320
073010
105330
272110
039420
083550
032500
225430
145270
036030
064820
347140
256940
024880
042040
054410
274090
217600
089010
220260
052400
033110
046070
047770
078940
080530
224060
357120
104540
027050
290510
007815
007810
00781K
190650
101670
123410
003690
036690
049430
183300
041960
089890
009730
189350
082660
192820
044820
222040
241710
005070
005420
069110
071950
166480
045970
196450
029960
002020
003070
003075
144620
102940
002025
120110
120115
950160
138490
021240
033290
056360
282880
121850
015710
052330
322780
126600
200130
031820
294570
192400
284740
317690
365270
060280
015590
040350
051780
115180
043090
182360
066310
136660
016600
264900
26490K
005740
005745
259960
215570
043590
114120
110790
900250
083790
045520
036170
214150
352770
237880
139670
020120
039490
054780
219130
318660
180060
065130
014580
015890
006890
023160
003240
011280
053620
004100
004105
116100
009410
009415
044490
124560
001420
007980
191420
073640
182690
066700
095610
131970
055490
308700
089030
258050
054450
091440
078000
200230
214420
215480
051360
045340
108230
079970
199800
105550
026150
322180
117730
033830
057680
064760
246710
340570
277880
131290
019180
356860
062860
363280
36328K
321550
091810
004870
104480
309900
081150
130740
217880
084730
046210
034230
033540
043200
214450
217950
208340
005690
177830
037070
150900
037030
047310
266870
170790
049120
038950
106240
131760
065690
140860
091700
038160
202960
032800
318010
036580
027710
004720
225590
054300
068050
028670
222110
010820
016800
263750
251970
001020
327610
087010
090080
010770
119500
022100
058430
009520
047050
003670
189690
318020
256630
141020
354230
041020
114630
123010
007630
290720
005670
094940
007330
017810
093380
023900
103140
005810
214270
220100
035200
334970
950210
203690
303360
053610
335810
053160
367000
075130
222670
237820
023770
300080
150440
032580
051380
241820
237750
024850
319660
031980
002230
057880
043370
242350
239890
347740
137400
128660
006140
304840
062970
087600
161580
347770
163730
332710
341160
343510
363260
086790
299030
067310
372290
166090
293480
039130
136480
003380
172580
153360
149980
013030
352820
126700
106080
071090
340120
377400
221840
106190
019490
000080
000087
000140
000145
066130
368770
152550
004590
036460
039340
005430
071050
071055
034950
010040
025540
222980
331660
318000
256840
004090
025550
002200
002960
017890
000240
080720
123890
015760
063570
041460
006200
101680
039740
053300
025770
310870
009540
023350
025890
000970
104700
017960
023760
054040
050540
161890
024720
021650
161390
053590
034830
007280
032300
168490
037230
010100
047810
123690
003350
030520
052600
011500
002390
256150
014790
092460
060980
053690
042700
008930
128940
047080
009240
020000
003680
105630
069640
016450
010420
009180
070590
213500
014680
004710
004150
025750
226440
042520
004960
011700
078350
045100
001750
001755
018880
009420
014130
046110
024740
005860
300720
123840
002220
006390
003300
007770
051600
052690
130660
107640
002320
097230
003480
180640
18064K
005110
079170
009460
086960
372910
054920
002680
066110
000880
00088K
088350
000370
009830
009835
272210
317320
012450
000885
003530
003535
340440
386580
195870
034810
076610
059270
101530
220180
143210
900270
084990
000720
267270
000725
170030
005440
086280
064350
079430
012330
319400
010620
048410
052260
069960
004560
004565
016790
004310
322000
041440
039010
017800
307950
011210
090850
267260
004020
267250
005380
005387
005389
005385
001500
011760
227840
126560
001450
057050
092300
053660
011080
093240
003010
111110
008770
008775
060560
064240
039610
002460
378850
241590
006060
013520
010690
126640
133820
061250
010660
000850
016580
032560
004800
094280
097870
298040
298050
298020
298000
093370
050090
081660
290270
005870
353190
090710
205470
115160
028080
032860
200670
212310
079980
065510
215090
005010
243070
084110
263920
145020
069260
024060
010240
189980
000540
000547
000545
003280
037440
238490
2577
